[[52.286883333333336, 8.033291666666667, 501472],
[52.28691166666667, 8.033213333333334, 501522],
[52.28684833333333, 8.033388333333333, 501517],
[52.286851666666664, 8.033383333333333, 501552],
[52.286856666666665, 8.033366666666666, 501525],
[52.286881666666666, 8.033295, 501627],
[52.28689166666667, 8.033283333333333, 501514],
[52.28686, 8.033286666666667, 501516],
[52.28691333333333, 8.033285, 501546],
[52.28689, 8.033245, 501663],
[52.28688, 8.033271666666666, 501458],
[52.28688833333333, 8.033151666666667, 501500],
[52.286825, 8.03323, 501605],
[52.28695333333334, 8.033213333333334, 501567],
[52.287031666666664, 8.033041666666668, 501761],
[52.287015, 8.033013333333333, 501601],
[52.28689833333333, 8.033205, 501321],
[52.286903333333335, 8.033165, 501509],
[52.286923333333334, 8.033123333333334, 501511],
[52.28697666666667, 8.033001666666667, 501894],
[52.28698, 8.033011666666667, 501529],
[52.28697833333333, 8.033033333333334, 501643],
[52.28700666666667, 8.032971666666667, 501554],
[52.28702, 8.03295, 501545],
[52.287025, 8.032941666666666, 501497],
[52.287035, 8.03293, 501509],
[52.28704333333334, 8.032921666666667, 501548],
[52.28705166666666, 8.032905, 501524],
[52.287058333333334, 8.032891666666666, 501510],
[52.287063333333336, 8.032883333333332, 501554],
[52.28709833333333, 8.03287, 501524],
[52.28713, 8.032851666666666, 501521],
[52.28723333333333, 8.03285, 501530],
[52.287256666666664, 8.03284, 501509],
[52.28728666666667, 8.032721666666667, 501553],
[52.287063333333336, 8.032771666666667, 507365],
[52.28722666666667, 8.03259, 501688],
[52.28720666666667, 8.032656666666666, 501602],
[52.28716333333333, 8.032665, 501556],
[52.287171666666666, 8.032653333333334, 501562],
[52.28713833333333, 8.032623333333333, 501512],
[52.28722, 8.032618333333334, 501548],
[52.287193333333335, 8.032528333333333, 501552],
[52.287173333333335, 8.032615, 501496],
[52.28717666666667, 8.032623333333333, 501511],
[52.28720833333333, 8.032561666666666, 501516],
[52.287225, 8.032531666666667, 501273],
[52.287245, 8.032503333333333, 501512],
[52.28731333333333, 8.032343333333333, 501506],
[52.287348333333334, 8.032261666666667, 501559],
[52.28738333333333, 8.032381666666666, 501526],
[52.28736833333333, 8.032365, 501581],
[52.28729833333333, 8.032525, 501598],
[52.28729166666667, 8.032546666666667, 501551],
[52.287353333333336, 8.032393333333333, 501602],
[52.28736166666667, 8.03238, 501558],
[52.287375, 8.032348333333333, 501501],
[52.287385, 8.032328333333334, 501501],
[52.287393333333334, 8.032305, 501500],
[52.287398333333336, 8.03229, 501508],
[52.287405, 8.032273333333332, 501512],
[52.28741, 8.032258333333333, 501503],
[52.287416666666665, 8.032241666666666, 501526],
[52.287425, 8.032225, 501500],
[52.28743166666667, 8.032211666666667, 501529],
[52.28744, 8.032195, 501666],
[52.287443333333336, 8.032183333333334, 501494],
[52.287463333333335, 8.032138333333334, 501516],
[52.287475, 8.032116666666667, 501536],
[52.287495, 8.032068333333333, 501496],
[52.287501666666664, 8.032053333333334, 501508],
[52.28749833333333, 8.032061666666667, 501516],
[52.287506666666665, 8.03205, 501500],
[52.28751666666667, 8.03203, 501507],
[52.287525, 8.032015, 501527],
[52.287535, 8.032, 501509],
[52.28754, 8.031985, 501515],
[52.287546666666664, 8.03197, 501503],
[52.287565, 8.031918333333333, 501513],
[52.287593333333334, 8.031843333333333, 501609],
[52.28758833333333, 8.031866666666666, 501537],
[52.287578333333336, 8.03189, 501629],
[52.287616666666665, 8.031791666666667, 501624],
[52.28759, 8.031865, 501589],
[52.28761, 8.031823333333334, 501483],
[52.28762666666667, 8.031786666666667, 501574],
[52.28764, 8.03176, 501499],
[52.28764666666667, 8.031746666666667, 501480],
[52.287655, 8.031725, 501681],
[52.287668333333336, 8.031696666666667, 501503],
[52.287675, 8.03168, 501501],
[52.287685, 8.031656666666667, 501588],
[52.287705, 8.031606666666667, 501495],
[52.287685, 8.03166, 501494],
[52.287713333333336, 8.031598333333333, 501526],
[52.287835, 8.031288333333332, 501508],
[52.28787333333333, 8.031353333333334, 501493],
[52.28794, 8.031298333333334, 501583],
[52.287881666666664, 8.031506666666667, 501499],
[52.287875, 8.031488333333334, 501494],
[52.28787, 8.03146, 501595],
[52.287951666666665, 8.031218333333333, 501490],
[52.287933333333335, 8.031261666666667, 501492],
[52.287911666666666, 8.031313333333333, 501528],
[52.287951666666665, 8.031211666666668, 501690],
[52.28798666666667, 8.030971666666666, 501535],
[52.288001666666666, 8.030931666666667, 501574],
[52.288035, 8.030866666666666, 501539],
[52.28801, 8.030918333333334, 501591],
[52.287893333333336, 8.031213333333334, 501625],
[52.28785166666667, 8.031315, 501580],
[52.28785, 8.031325, 501594],
[52.287868333333336, 8.031295, 501624],
[52.28787166666667, 8.031298333333334, 501572],
[52.28787333333333, 8.031295, 501790],
[52.287893333333336, 8.031246666666666, 501592],
[52.28790166666667, 8.031228333333333, 501605],
[52.28791833333333, 8.031186666666667, 501621],
[52.287975, 8.031043333333333, 501751],
[52.28794833333333, 8.031115, 501729],
[52.287933333333335, 8.031155, 501633],
[52.28793833333334, 8.031151666666666, 501720],
[52.28794333333333, 8.03115, 501070],
[52.287951666666665, 8.031135, 501111],
[52.287956666666666, 8.031118333333334, 501091],
[52.28797333333333, 8.031076666666667, 501093],
[52.28797, 8.031086666666667, 501328],
[52.28794166666667, 8.03116, 501520],
[52.28801166666667, 8.030985, 501568],
[52.28812166666667, 8.030705, 501554],
[52.28805166666667, 8.030886666666667, 501522],
[52.28800666666667, 8.031005, 501524],
[52.288085, 8.030811666666667, 501566],
[52.288048333333336, 8.03091, 501519],
[52.288045, 8.03092, 501518],
[52.288065, 8.030875, 501541],
[52.288063333333334, 8.030888333333333, 501566],
[52.28797, 8.031135, 501587],
[52.28799333333333, 8.03108, 501545],
[52.288075, 8.030876666666666, 501584],
[52.28808, 8.030871666666666, 501580],
[52.28811833333334, 8.030778333333334, 501614],
[52.288106666666664, 8.030808333333333, 501605],
[52.288138333333336, 8.030783333333334, 501790],
[52.28818666666667, 8.030678333333332, 501551],
[52.288156666666666, 8.030753333333333, 501652],
[52.288138333333336, 8.03081, 501684],
[52.28814833333333, 8.030771666666666, 509795],
[52.28818166666667, 8.030686666666666, 507257],
[52.288183333333336, 8.030676666666666, 503568],
[52.28819166666667, 8.030653333333333, 501518],
[52.28823, 8.030565, 501645],
[52.28819166666667, 8.030673333333333, 501527],
[52.288241666666664, 8.03055, 501561],
[52.288243333333334, 8.030561666666667, 501592],
[52.288221666666665, 8.030616666666667, 501583],
[52.28825333333333, 8.030536666666666, 501600],
[52.288291666666666, 8.030443333333332, 501608],
[52.288285, 8.030468333333333, 501584],
[52.28828166666667, 8.030476666666667, 501539],
[52.28829, 8.030461666666667, 501590],
[52.28829666666667, 8.030445, 501928],
[52.28832166666667, 8.030386666666667, 501589],
[52.288331666666664, 8.030366666666668, 501546],
[52.28834166666667, 8.030341666666667, 501590],
[52.288338333333336, 8.03035, 501598],
[52.28835, 8.030318333333334, 501594],
[52.28834166666667, 8.030341666666667, 501736],
[52.288335000000004, 8.030363333333334, 501589],
[52.288351666666664, 8.030321666666667, 501602],
[52.28839166666667, 8.030223333333334, 501525],
[52.288376666666665, 8.030273333333334, 501535],
[52.28837166666667, 8.030288333333333, 501586],
[52.288376666666665, 8.030281666666667, 501569],
[52.28839333333333, 8.03024, 501610],
[52.28840833333334, 8.030206666666666, 501512],
[52.28845, 8.030106666666667, 501526],
[52.288428333333336, 8.030165, 501516],
[52.28841333333333, 8.030208333333333, 501527],
[52.288425, 8.030183333333333, 501570],
[52.288441666666664, 8.030146666666667, 501605],
[52.28845166666667, 8.030121666666666, 501482],
[52.28845833333333, 8.030106666666667, 501544],
[52.288466666666665, 8.030093333333333, 501502],
[52.28847666666667, 8.030075, 501492],
[52.28848833333333, 8.030051666666667, 501498],
[52.28849833333334, 8.030026666666666, 501494],
[52.28850666666666, 8.030006666666667, 501503],
[52.288513333333334, 8.02999, 501495],
[52.28852166666667, 8.029975, 501539],
[52.28853, 8.029956666666667, 501496],
[52.28854, 8.029935, 501496],
[52.28854833333333, 8.029915, 501494],
[52.288555, 8.029896666666666, 501491],
[52.28858833333334, 8.02983, 501515],
[52.28858, 8.029853333333334, 501505],
[52.288583333333335, 8.029836666666666, 501523],
[52.28858833333334, 8.029821666666667, 501516],
[52.288603333333334, 8.029791666666666, 501515],
[52.288615, 8.029773333333333, 501537],
[52.28861333333333, 8.029781666666667, 501573],
[52.28869666666667, 8.029583333333333, 501580],
[52.28867833333333, 8.029625, 501584],
[52.28861, 8.029798333333334, 501545],
[52.28863333333334, 8.029745, 501518],
[52.28864, 8.029731666666667, 501507],
[52.288653333333336, 8.029701666666666, 501187],
[52.28866333333333, 8.02968, 501508],
[52.288673333333335, 8.029656666666666, 501511],
[52.28868333333333, 8.029635, 501522],
[52.28869666666667, 8.02961, 501522],
[52.28870333333333, 8.029596666666666, 501609],
[52.28871, 8.029583333333333, 501567],
[52.288713333333334, 8.029568333333334, 501573],
[52.288718333333335, 8.029556666666666, 501529],
[52.28872666666667, 8.029546666666667, 501549],
[52.288736666666665, 8.029531666666667, 501548],
[52.28874666666667, 8.029515, 501565],
[52.28876666666667, 8.029468333333334, 501554],
[52.288783333333335, 8.029433333333333, 501558],
[52.28877333333333, 8.029461666666666, 501711],
[52.288783333333335, 8.029443333333333, 501569],
[52.28879666666667, 8.029413333333334, 501613],
[52.288804999999996, 8.029395, 501540],
[52.28882, 8.029363333333333, 501511],
[52.288835, 8.02933, 501575],
[52.288911666666664, 8.029146666666668, 501562],
[52.288891666666665, 8.0292, 501562],
[52.28886166666667, 8.029271666666666, 501525],
[52.288865, 8.029263333333333, 501922],
[52.288828333333335, 8.029351666666667, 501704],
[52.288851666666666, 8.029301666666667, 501668],
[52.288875, 8.02925, 501622],
[52.28888666666667, 8.029233333333334, 501598],
[52.288893333333334, 8.02922, 501535],
[52.28890166666667, 8.029201666666667, 501526],
[52.28890666666667, 8.02919, 501598],
[52.288915, 8.029173333333333, 501532],
[52.28892166666667, 8.029156666666667, 501517],
[52.28893, 8.029135, 501557],
[52.288938333333334, 8.029115, 501506],
[52.28894833333333, 8.029095, 501496],
[52.288956666666664, 8.02908, 501569],
[52.28896666666667, 8.029063333333333, 501496],
[52.288975, 8.029045, 501504],
[52.288985, 8.029028333333333, 501675],
[52.28899166666667, 8.029011666666667, 501604],
[52.28899833333333, 8.028995, 501688],
[52.289005, 8.02898, 501591],
[52.28897166666667, 8.02906, 501663],
[52.288995, 8.029008333333334, 501604],
[52.289075, 8.028815, 501607],
[52.28912166666667, 8.028706666666666, 501592],
[52.28908666666667, 8.028795, 501599],
[52.28908833333333, 8.028791666666667, 501603],
[52.289045, 8.028896666666666, 501749],
[52.289096666666666, 8.028773333333334, 501584],
[52.28910166666667, 8.02876, 502263],
[52.28911, 8.028736666666667, 501531],
[52.289115, 8.028726666666667, 501584],
[52.28912, 8.028718333333334, 501538],
[52.289123333333336, 8.028715, 501530],
[52.28912833333333, 8.028705, 501583],
[52.28910833333333, 8.028753333333333, 501512],
[52.28912, 8.02873, 501508],
[52.289273333333334, 8.028575, 501478],
[52.28923833333333, 8.028638333333333, 501518],
[52.289163333333335, 8.028616666666666, 501101],
[52.28922, 8.028618333333334, 501099],
[52.289215, 8.028608333333333, 501145],
[52.28922, 8.028596666666667, 501122],
[52.289226666666664, 8.028578333333334, 501611],
[52.289235, 8.028556666666667, 501613],
[52.28923666666667, 8.028533333333334, 501596],
[52.28924, 8.028518333333333, 501596],
[52.289258333333336, 8.028475, 501507],
[52.28926333333333, 8.028456666666667, 501498],
[52.28927, 8.028431666666666, 501731],
[52.289278333333336, 8.028411666666667, 501589],
[52.289285, 8.0284, 501600],
[52.289291666666664, 8.028385, 501537],
[52.289298333333335, 8.028368333333333, 501507],
[52.289305, 8.028353333333333, 501503],
[52.28930833333333, 8.02834, 501827],
[52.289316666666664, 8.028323333333333, 501502],
[52.289325, 8.028308333333333, 501551],
[52.28939833333333, 8.028135, 501513],
[52.289385, 8.028168333333333, 501508],
[52.289388333333335, 8.028165, 501544],
[52.28939333333334, 8.028156666666666, 501506],
[52.289408333333334, 8.028111666666666, 501508],
[52.2894, 8.028133333333333, 501509],
[52.28940333333333, 8.028126666666667, 501508],
[52.28942333333333, 8.028078333333333, 501567],
[52.28944, 8.02804, 501513],
[52.28944666666667, 8.028031666666667, 501583],
[52.289465, 8.028, 501500],
[52.28946333333333, 8.028015, 501548],
[52.289475, 8.027991666666667, 501509],
[52.28948, 8.02798, 501567],
[52.28948666666667, 8.027965, 501497],
[52.289498333333334, 8.027936666666667, 501184],
[52.28951333333333, 8.0279, 501512],
[52.289515, 8.02789, 501528],
[52.28958333333333, 8.027733333333334, 501508],
[52.28958166666666, 8.027735, 501538],
[52.28957166666667, 8.027803333333333, 501537],
[52.28948333333334, 8.027781666666666, 501552],
[52.28955333333333, 8.027791666666667, 501559],
[52.28941666666667, 8.027833333333334, 501542],
[52.28942833333333, 8.02782, 501479],
[52.28947, 8.02786, 501483],
[52.28948333333334, 8.027843333333333, 501580],
[52.28928666666667, 8.027983333333333, 501482],
[52.28917, 8.028328333333333, 501481],
[52.289225, 8.028298333333334, 501474],
[52.28925, 8.028276666666667, 501523],
[52.289275, 8.028238333333332, 501462],
[52.28929, 8.028241666666666, 501470],
[52.289296666666665, 8.028263333333333, 501496],
[52.28928666666667, 8.028258333333333, 501587],
[52.28928166666667, 8.028308333333333, 501531],
[52.289296666666665, 8.028318333333333, 501750],
[52.28928666666667, 8.028356666666667, 501478],
[52.28925666666667, 8.028425, 501489],
[52.28926166666667, 8.028438333333334, 501545],
[52.289265, 8.028458333333333, 501504],
[52.28926666666667, 8.028481666666666, 501552],
[52.289271666666664, 8.028508333333333, 501473],
[52.289273333333334, 8.028531666666666, 501549],
[52.289276666666666, 8.028555, 501504],
[52.28928166666667, 8.028581666666666, 501564],
[52.28928833333333, 8.028591666666667, 501531],
[52.289295, 8.0286, 501565],
[52.289303333333336, 8.02861, 501433],
[52.28931166666667, 8.028616666666666, 501044],
[52.289321666666666, 8.028621666666666, 501051],
[52.28933166666667, 8.028625, 501520],
[52.28933833333333, 8.028628333333334, 501571],
[52.289345, 8.028625, 501621],
[52.28935333333333, 8.028615, 501698],
[52.289361666666665, 8.028603333333333, 501614],
[52.289366666666666, 8.028595, 501539],
[52.28935833333333, 8.028585, 501482],
[52.289375, 8.028551666666667, 501079],
[52.28935833333333, 8.02855, 501067],
[52.29016, 8.02719, 501687],
[52.290013333333334, 8.027396666666666, 501559],
[52.287886666666665, 8.030003333333333, 501479],
[52.288306666666664, 8.029586666666667, 501666],
[52.28843833333333, 8.029431666666667, 501593],
[52.28854666666667, 8.029285, 501495],
[52.28863833333333, 8.029183333333334, 501513],
[52.28858, 8.029265, 501602],
[52.28852166666667, 8.029338333333333, 501504],
[52.288531666666664, 8.029321666666666, 501474],
[52.28859666666666, 8.029236666666666, 501592],
[52.28861166666667, 8.029195, 501550],
[52.28865666666667, 8.029143333333334, 501570],
[52.28868, 8.029106666666667, 501561],
[52.28874166666667, 8.029011666666667, 501472],
[52.288781666666665, 8.028951666666666, 501504],
[52.28884, 8.028868333333333, 501522],
[52.28888166666667, 8.028813333333334, 501481],
[52.288925, 8.028761666666666, 501543],
[52.288945, 8.028748333333333, 501909],
[52.289008333333335, 8.02867, 501548],
[52.289033333333336, 8.028631666666667, 501558],
[52.28906166666667, 8.028585, 501466],
[52.289115, 8.028531666666666, 501481],
[52.28910666666667, 8.028536666666668, 501571],
[52.289118333333334, 8.028538333333334, 501585],
[52.28913333333333, 8.02853, 501536],
[52.289181666666664, 8.028478333333334, 501727],
[52.289145, 8.02853, 501526],
[52.28914666666667, 8.028543333333333, 501676],
[52.289145, 8.028545, 502030],
[52.289141666666666, 8.028553333333333, 502437],
[52.28914, 8.02856, 501583],
[52.289125, 8.028576666666666, 501601],
[52.28912666666667, 8.028571666666666, 501778],
[52.289116666666665, 8.028575, 501617],
[52.289105, 8.028586666666667, 501657],
[52.28910166666667, 8.028595, 501740],
[52.289091666666664, 8.028613333333332, 501534],
[52.2891, 8.028611666666666, 501560],
[52.289136666666664, 8.02859, 501502],
[52.289161666666665, 8.028558333333333, 501541],
[52.289183333333334, 8.028525, 501515],
[52.289228333333334, 8.02846, 501562],
[52.28924333333333, 8.028436666666666, 501611],
[52.289231666666666, 8.028443333333334, 501593],
[52.28923666666667, 8.028428333333334, 501536],
[52.289275, 8.02837, 501825],
[52.28928, 8.028353333333333, 501685],
[52.289271666666664, 8.028363333333333, 501549],
[52.28926166666667, 8.028373333333333, 501557],
[52.289255, 8.028381666666666, 501692],
[52.28925666666667, 8.028378333333333, 501636],
[52.289265, 8.028365, 501845],
[52.289285, 8.028353333333333, 501617],
[52.28928833333333, 8.02836, 501608],
[52.28928666666667, 8.028368333333333, 501655],
[52.289285, 8.028375, 501700],
[52.28928166666667, 8.02839, 501721],
[52.28925666666667, 8.028433333333334, 501535],
[52.28925, 8.02845, 501630],
[52.28924833333333, 8.028461666666667, 501099],
[52.28925, 8.028465, 501887],
[52.289245, 8.028531666666666, 501684],
[52.28924333333333, 8.02856, 501507],
[52.28924666666666, 8.028536666666668, 501554],
[52.289245, 8.02853, 501534],
[52.28924333333333, 8.028541666666667, 501503],
[52.28924166666667, 8.028533333333334, 501534],
[52.28924, 8.028525, 501491],
[52.28924166666667, 8.028506666666667, 501534],
[52.28924333333333, 8.028486666666666, 501494],
[52.289245, 8.028478333333334, 501506],
[52.28924666666666, 8.02846, 501073],
[52.289253333333335, 8.028445, 501041],
[52.289258333333336, 8.02843, 501533],
[52.28926166666667, 8.028425, 501535],
[52.28926333333333, 8.028448333333333, 501651],
[52.28926666666667, 8.028445, 501565],
[52.28927, 8.028446666666667, 501601],
[52.289271666666664, 8.028445, 501580],
[52.289273333333334, 8.02844, 501587],
[52.289275, 8.02843, 501545],
[52.289273333333334, 8.028423333333333, 501600],
[52.289271666666664, 8.028435, 501465],
[52.28927, 8.028433333333334, 501462],
[52.28926833333333, 8.02843, 501279],
[52.28927, 8.028386666666666, 501461],
[52.28926833333333, 8.028388333333334, 501471],
[52.28926666666667, 8.028396666666668, 501465],
[52.289265, 8.028406666666667, 501519],
[52.28926333333333, 8.028418333333333, 501460],
[52.28926166666667, 8.02843, 501488],
[52.28926333333333, 8.028423333333333, 501472],
[52.28926666666667, 8.028416666666667, 501470],
[52.28927, 8.028408333333333, 501472],
[52.289271666666664, 8.028398333333334, 501471],
[52.289273333333334, 8.028406666666667, 501463],
[52.289275, 8.0284, 501478],
[52.289273333333334, 8.028423333333333, 501486],
[52.289271666666664, 8.028436666666666, 501521],
[52.28927, 8.028433333333334, 501550],
[52.28926833333333, 8.02843, 501470],
[52.28927, 8.028395, 501476],
[52.28926833333333, 8.028415, 501466],
[52.28927, 8.02842, 501543],
[52.289271666666664, 8.028398333333334, 501451],
[52.289273333333334, 8.028388333333334, 501532],
[52.289275, 8.028373333333333, 501462],
[52.289273333333334, 8.02839, 501461],
[52.289275, 8.028408333333333, 501469],
[52.289273333333334, 8.028401666666667, 501455],
[52.289275, 8.028413333333333, 501458],
[52.28927, 8.028433333333334, 501542],
[52.289271666666664, 8.028431666666666, 501507],
[52.289273333333334, 8.028428333333334, 501501],
[52.289271666666664, 8.028433333333334, 501534],
[52.28927, 8.028441666666666, 501532],
[52.28926833333333, 8.028453333333333, 501491],
[52.28927, 8.028448333333333, 501573],
[52.28926833333333, 8.028445, 501454],
[52.28926666666667, 8.028453333333333, 501579],
[52.28926833333333, 8.028446666666667, 501452],
[52.28927, 8.02844, 501512],
[52.28926833333333, 8.028445, 501478],
[52.28926666666667, 8.028451666666667, 501462],
[52.28926333333333, 8.028471666666666, 501473],
[52.289265, 8.028475, 501495],
[52.28926666666667, 8.02847, 501467],
[52.28926833333333, 8.028463333333333, 501464],
[52.28926666666667, 8.028471666666666, 501469],
[52.289265, 8.028478333333334, 501557],
[52.28926333333333, 8.028493333333333, 501490],
[52.28926166666667, 8.0285, 501525],
[52.28926, 8.028501666666667, 501450],
[52.289258333333336, 8.028495, 501444],
[52.28925666666667, 8.028493333333333, 501474],
[52.289255, 8.028488333333334, 501492],
[52.289253333333335, 8.028493333333333, 501565],
[52.289251666666665, 8.028498333333333, 501557],
[52.28925, 8.028505, 501108],
[52.28924833333333, 8.028498333333333, 501557],
[52.28925, 8.028493333333333, 501495],
[52.28924833333333, 8.028483333333334, 501500],
[52.289245, 8.02849, 501484],
[52.28924333333333, 8.0285, 501537],
[52.28924, 8.028505, 501488],
[52.28923833333333, 8.028511666666667, 501455],
[52.28924, 8.028513333333333, 501065],
[52.28924166666667, 8.028521666666666, 501466],
[52.28924666666666, 8.028518333333333, 501613],
[52.28925, 8.028513333333333, 501463],
[52.289255, 8.02851, 501458],
[52.28926, 8.028506666666667, 505703],
[52.28926666666667, 8.028501666666667, 501528],
[52.28927, 8.028503333333333, 501681],
[52.289273333333334, 8.028501666666667, 501496],
[52.289275, 8.028503333333333, 501602],
[52.289276666666666, 8.028511666666667, 501551],
[52.289275, 8.028523333333334, 501520],
[52.289276666666666, 8.028528333333334, 501559],
[52.289278333333336, 8.028521666666666, 501540],
[52.28928, 8.028501666666667, 501644],
[52.28928166666667, 8.028493333333333, 501500],
[52.28928333333333, 8.028488333333334, 501621],
[52.289285, 8.028478333333334, 503182],
[52.28928666666667, 8.028468333333333, 507394],
[52.28928833333333, 8.028453333333333, 507371],
[52.28929, 8.028446666666667, 501483],
[52.289291666666664, 8.028445, 501530],
[52.28929, 8.028441666666666, 501541],
[52.28928833333333, 8.02844, 501550],
[52.28928666666667, 8.028448333333333, 501573],
[52.289285, 8.028455, 501642],
[52.28928333333333, 8.028463333333333, 501574],
[52.289285, 8.028461666666667, 501558],
[52.28928333333333, 8.028471666666666, 501583],
[52.289285, 8.028458333333333, 501515],
[52.28928666666667, 8.028455, 501562],
[52.289285, 8.028408333333333, 501524],
[52.28928333333333, 8.028381666666666, 501560],
[52.289285, 8.028425, 501556],
[52.28928666666667, 8.028433333333334, 501499],
[52.28928833333333, 8.028495, 501736],
[52.28928666666667, 8.028496666666667, 501536],
[52.289285, 8.028503333333333, 501505],
[52.28928666666667, 8.028491666666667, 501465],
[52.28928833333333, 8.028486666666666, 501462],
[52.28928666666667, 8.028476666666666, 501463],
[52.28929, 8.02846, 501471],
[52.28928833333333, 8.028443333333334, 501438],
[52.28928666666667, 8.028435, 501490],
[52.28928833333333, 8.028441666666666, 501453],
[52.28929, 8.028461666666667, 501454],
[52.28928833333333, 8.028468333333333, 501538],
[52.28928666666667, 8.028465, 501457],
[52.28928833333333, 8.02847, 501495],
[52.289291666666664, 8.028463333333333, 501483],
[52.289295, 8.028455, 501473],
[52.289296666666665, 8.02845, 501456],
[52.289298333333335, 8.028448333333333, 501478],
[52.289296666666665, 8.028451666666667, 501773],
[52.289295, 8.028446666666667, 501560],
[52.28929333333333, 8.028441666666666, 501567],
[52.289291666666664, 8.02844, 501457],
[52.28929333333333, 8.028423333333333, 501479],
[52.289291666666664, 8.028416666666667, 504300],
[52.28929, 8.028418333333333, 501478],
[52.28928833333333, 8.028426666666666, 501477],
[52.28929, 8.028423333333333, 501481],
[52.289291666666664, 8.028415, 501476],
[52.28929, 8.028423333333333, 501487],
[52.28928833333333, 8.028418333333333, 501483],
[52.28929, 8.02842, 501527],
[52.289291666666664, 8.028413333333333, 501474],
[52.28929333333333, 8.028403333333333, 501487],
[52.289295, 8.028401666666667, 501539],
[52.289296666666665, 8.028391666666666, 501504],
[52.289298333333335, 8.02838, 501465],
[52.2893, 8.028368333333333, 501459],
[52.289298333333335, 8.028365, 501461],
[52.289296666666665, 8.028316666666667, 501467],
[52.289291666666664, 8.02832, 501046],
[52.28929, 8.028321666666667, 501044],
[52.28928833333333, 8.028325, 501040],
[52.28928666666667, 8.028328333333333, 501466],
[52.289285, 8.028333333333334, 501464],
[52.28928333333333, 8.028338333333334, 501460],
[52.28928166666667, 8.028343333333334, 501471],
[52.28928, 8.028348333333334, 501477],
[52.289278333333336, 8.028353333333333, 501460],
[52.289276666666666, 8.028358333333333, 501538],
[52.289275, 8.028368333333333, 501546],
[52.289273333333334, 8.028376666666666, 501464],
[52.289271666666664, 8.028381666666666, 501541],
[52.28927, 8.0284, 501547],
[52.28926833333333, 8.028408333333333, 501475],
[52.28926666666667, 8.028411666666667, 501893],
[52.289265, 8.028415, 501409],
[52.28926333333333, 8.028416666666667, 501501],
[52.28926166666667, 8.028418333333333, 501461],
[52.28926, 8.02842, 501492],
[52.289258333333336, 8.028421666666667, 501926],
[52.28925666666667, 8.028436666666666, 501465],
[52.289255, 8.028448333333333, 501461],
[52.289253333333335, 8.028455, 502021],
[52.28925, 8.02847, 501551],
[52.289251666666665, 8.028463333333333, 501538],
[52.289253333333335, 8.028448333333333, 501573],
[52.289251666666665, 8.028423333333333, 501099],
[52.28924833333333, 8.028426666666666, 501552],
[52.28924666666666, 8.028431666666666, 501558],
[52.28924333333333, 8.02843, 501561],
[52.28924, 8.02844, 501536],
[52.28924166666667, 8.028428333333334, 501539],
[52.28924, 8.028418333333333, 501452],
[52.28923666666667, 8.02842, 501461],
[52.289235, 8.028425, 501464],
[52.289233333333335, 8.028431666666666, 501463],
[52.289231666666666, 8.02844, 501469],
[52.28923, 8.028446666666667, 501483],
[52.289228333333334, 8.028463333333333, 501560],
[52.28923, 8.02847, 501657],
[52.289228333333334, 8.028485, 501481],
[52.28923, 8.028486666666666, 501547],
[52.289231666666666, 8.028451666666667, 501595],
[52.289233333333335, 8.028438333333334, 501549],
[52.289231666666666, 8.028435, 501536],
[52.289233333333335, 8.028418333333333, 501686],
[52.289231666666666, 8.028408333333333, 507603],
[52.289233333333335, 8.028398333333334, 501715],
[52.289231666666666, 8.028388333333334, 501483],
[52.28923, 8.028395, 501478],
[52.289228333333334, 8.028391666666666, 501522],
[52.28923, 8.028378333333333, 501487],
[52.289228333333334, 8.028356666666667, 501477],
[52.28923, 8.028348333333334, 501586],
[52.289228333333334, 8.028328333333333, 501536],
[52.289226666666664, 8.028335, 501618],
[52.289225, 8.028346666666666, 501544],
[52.28922333333333, 8.028363333333333, 501539],
[52.28922166666667, 8.028365, 501619],
[52.28922, 8.028376666666666, 501635],
[52.28921833333333, 8.02839, 501547],
[52.28921666666667, 8.028411666666667, 501485],
[52.289215, 8.028446666666667, 501457],
[52.28921666666667, 8.028453333333333, 501605],
[52.289215, 8.028468333333333, 501488],
[52.28921666666667, 8.028483333333334, 501437],
[52.28921833333333, 8.028495, 501454],
[52.28922, 8.028518333333333, 501474],
[52.28922166666667, 8.028513333333333, 501470],
[52.28922333333333, 8.028516666666667, 501511],
[52.289225, 8.028525, 501523],
[52.289226666666664, 8.02852, 501491],
[52.289228333333334, 8.028513333333333, 501473],
[52.28923, 8.028511666666667, 501465],
[52.289231666666666, 8.028515, 501499],
[52.289233333333335, 8.028508333333333, 501465],
[52.289231666666666, 8.028535, 501079],
[52.289233333333335, 8.028525, 501795],
[52.289231666666666, 8.028531666666666, 501473],
[52.28923, 8.028526666666666, 501477],
[52.289231666666666, 8.028518333333333, 501528],
[52.289233333333335, 8.028516666666667, 501499],
[52.289235, 8.028513333333333, 501564],
[52.289233333333335, 8.028511666666667, 501365],
[52.28923, 8.02851, 501035],
[52.289231666666666, 8.028508333333333, 501393],
[52.28923, 8.028506666666667, 501704],
[52.289228333333334, 8.028505, 501569],
[52.289226666666664, 8.028503333333333, 501665],
[52.289225, 8.028501666666667, 501511],
[52.28922333333333, 8.028493333333333, 501507],
[52.289225, 8.028486666666666, 501490],
[52.289226666666664, 8.028485, 501476],
[52.289228333333334, 8.028483333333334, 501471],
[52.289233333333335, 8.0285, 501596],
[52.28923666666667, 8.028513333333333, 501540],
[52.289233333333335, 8.028503333333333, 501503],
[52.289235, 8.028501666666667, 501502],
[52.289233333333335, 8.028496666666667, 501491],
[52.289231666666666, 8.028495, 501511],
[52.289233333333335, 8.028503333333333, 501496],
[52.28923, 8.028488333333334, 501540],
[52.289228333333334, 8.028485, 501547],
[52.289231666666666, 8.028496666666667, 501550],
[52.289233333333335, 8.028503333333333, 501478],
[52.289235, 8.028505, 501559],
[52.289231666666666, 8.028496666666667, 501462],
[52.289233333333335, 8.028498333333333, 501472],
[52.289235, 8.028501666666667, 501592],
[52.289233333333335, 8.028498333333333, 501456],
[52.289231666666666, 8.02848, 501556],
[52.289233333333335, 8.028481666666666, 501044],
[52.289235, 8.028488333333334, 501039],
[52.289233333333335, 8.028486666666666, 501513],
[52.289235, 8.028495, 501477],
[52.289233333333335, 8.028491666666667, 501555],
[52.289231666666666, 8.028488333333334, 501530],
[52.28923, 8.028481666666666, 501571],
[52.289228333333334, 8.028476666666666, 501596],
[52.289225, 8.028465, 501679],
[52.28921833333333, 8.02844, 501541],
[52.289215, 8.028435, 501586],
[52.289213333333336, 8.028428333333334, 501591],
[52.28921166666667, 8.028425, 501571],
[52.28921, 8.02842, 501438],
[52.289208333333335, 8.028416666666667, 501618],
[52.289206666666665, 8.02841, 501752],
[52.289205, 8.028403333333333, 501675],
[52.28920166666666, 8.028396666666668, 501589],
[52.2892, 8.028391666666666, 501576],
[52.28920166666666, 8.028396666666668, 501631],
[52.28920333333333, 8.028398333333334, 501576],
[52.28920166666666, 8.0284, 501614],
[52.28920333333333, 8.028401666666667, 501623],
[52.289205, 8.028405, 501557],
[52.289206666666665, 8.028415, 501604],
[52.289208333333335, 8.028418333333333, 501567],
[52.28921, 8.028431666666666, 501607],
[52.28920333333333, 8.028418333333333, 501641],
[52.289205, 8.028421666666667, 501492],
[52.289206666666665, 8.028428333333334, 501605],
[52.289208333333335, 8.028436666666666, 501587],
[52.28921, 8.02844, 501678],
[52.28921166666667, 8.028448333333333, 501646],
[52.289205, 8.028426666666666, 501617],
[52.28920333333333, 8.028421666666667, 501510],
[52.28920166666666, 8.028416666666667, 501459],
[52.28920333333333, 8.028421666666667, 501534],
[52.28920166666666, 8.02842, 501540],
[52.2892, 8.028416666666667, 501284],
[52.28920166666666, 8.02842, 501069],
[52.28920333333333, 8.028426666666666, 502958],
[52.289205, 8.028435, 501135],
[52.289206666666665, 8.02844, 501125],
[52.28921166666667, 8.028455, 501196],
[52.289213333333336, 8.02846, 501635],
[52.289215, 8.028465, 501653],
[52.28921666666667, 8.02847, 501692],
[52.28921833333333, 8.028478333333334, 501521],
[52.28922, 8.028481666666666, 501548],
[52.28922166666667, 8.028485, 501579],
[52.28922, 8.028483333333334, 501892],
[52.28922166666667, 8.02848, 501769],
[52.28922333333333, 8.028483333333334, 501528],
[52.289225, 8.02849, 501563],
[52.289226666666664, 8.028491666666667, 501700],
[52.28923, 8.028505, 501617],
[52.289226666666664, 8.028488333333334, 501745],
[52.289228333333334, 8.028498333333333, 501560],
[52.289226666666664, 8.028486666666666, 501637],
[52.289225, 8.02848, 501506],
[52.28922333333333, 8.028471666666666, 501492],
[52.28922166666667, 8.02846, 501581],
[52.28921833333333, 8.028446666666667, 501519],
[52.289215, 8.028438333333334, 501606],
[52.289213333333336, 8.02843, 501567],
[52.28921666666667, 8.028443333333334, 501543],
[52.28921833333333, 8.028448333333333, 501572],
[52.28922, 8.028455, 501658],
[52.28922166666667, 8.028468333333333, 501687],
[52.28922333333333, 8.028465, 501580],
[52.289225, 8.02847, 501708],
[52.289226666666664, 8.028476666666666, 501677],
[52.289225, 8.028468333333333, 501665],
[52.289226666666664, 8.028471666666666, 501629],
[52.289228333333334, 8.028476666666666, 501618],
[52.28923, 8.028478333333334, 501555],
[52.289228333333334, 8.02847, 501593],
[52.289226666666664, 8.02846, 501619],
[52.28923, 8.02847, 501557],
[52.289231666666666, 8.028475, 501578],
[52.289233333333335, 8.028481666666666, 501535],
[52.28923666666667, 8.028486666666666, 501664],
[52.28924, 8.028498333333333, 501698],
[52.28924166666667, 8.028506666666667, 501572],
[52.289245, 8.028516666666667, 501520],
[52.28924333333333, 8.028506666666667, 501461],
[52.28924166666667, 8.028496666666667, 501568],
[52.28924333333333, 8.028491666666667, 501508],
[52.28924166666667, 8.02848, 501532],
[52.28924, 8.028468333333333, 501515],
[52.28924166666667, 8.028466666666667, 501509],
[52.28924, 8.028458333333333, 504316],
[52.28923833333333, 8.028441666666666, 501524],
[52.28923666666667, 8.028431666666666, 501534],
[52.28923833333333, 8.028436666666666, 501544],
[52.28924, 8.028445, 501483],
[52.28924166666667, 8.02846, 501454],
[52.28924333333333, 8.02847, 501464],
[52.28924166666667, 8.028455, 501582],
[52.28924, 8.028446666666667, 501500],
[52.28923833333333, 8.028441666666666, 501502],
[52.28923666666667, 8.028428333333334, 501556],
[52.289235, 8.02842, 501466],
[52.28923666666667, 8.028416666666667, 501468],
[52.28923833333333, 8.028423333333333, 501460],
[52.28924, 8.02843, 501465],
[52.28924166666667, 8.028435, 501457],
[52.28924333333333, 8.028438333333334, 501472],
[52.289245, 8.028441666666666, 501464],
[52.28924333333333, 8.028416666666667, 501471],
[52.289245, 8.028403333333333, 501477],
[52.28924666666666, 8.028408333333333, 501531],
[52.28924833333333, 8.028413333333333, 501488],
[52.28925, 8.028426666666666, 501557],
[52.289251666666665, 8.028433333333334, 501557],
[52.289253333333335, 8.028438333333334, 501482],
[52.289255, 8.02844, 501477],
[52.28925666666667, 8.028446666666667, 501544],
[52.289258333333336, 8.028456666666667, 501556],
[52.28926, 8.028461666666667, 501538],
[52.28926166666667, 8.028466666666667, 501487],
[52.28926333333333, 8.02848, 501461],
[52.289265, 8.028488333333334, 501485],
[52.28926666666667, 8.028493333333333, 501465],
[52.28926833333333, 8.028501666666667, 501471],
[52.28927, 8.028511666666667, 501533],
[52.289271666666664, 8.028518333333333, 501469],
[52.289273333333334, 8.028521666666666, 501488],
[52.289275, 8.02852, 501097],
[52.289273333333334, 8.028516666666667, 501112],
[52.289278333333336, 8.028523333333334, 501087],
[52.28928, 8.02852, 501544],
[52.28928166666667, 8.028516666666667, 501561],
[52.28928, 8.02851, 501564],
[52.289278333333336, 8.028503333333333, 501534],
[52.289276666666666, 8.0285, 501582],
[52.289275, 8.028498333333333, 501541],
[52.289271666666664, 8.028491666666667, 501542],
[52.28926833333333, 8.028485, 501573],
[52.289271666666664, 8.028471666666666, 501541],
[52.289273333333334, 8.02846, 501573],
[52.289271666666664, 8.028431666666666, 501688],
[52.28926833333333, 8.028416666666667, 501626],
[52.289265, 8.028408333333333, 501526],
[52.28926333333333, 8.0284, 501495],
[52.28926166666667, 8.028418333333333, 501553],
[52.289258333333336, 8.028421666666667, 501538],
[52.28924166666667, 8.028433333333334, 501682],
[52.289233333333335, 8.02843, 501546],
[52.28923, 8.028428333333334, 501490],
[52.289228333333334, 8.028426666666666, 501521],
[52.28924, 8.028421666666667, 501488],
[52.28925, 8.02841, 501554],
[52.28926166666667, 8.028403333333333, 501573],
[52.28926833333333, 8.028398333333334, 501557],
[52.289278333333336, 8.028396666666668, 501622],
[52.28928333333333, 8.028411666666667, 501554],
[52.289285, 8.028413333333333, 501610],
[52.289296666666665, 8.028415, 501574],
[52.28930666666667, 8.028416666666667, 501546],
[52.28933, 8.028415, 501345],
[52.289336666666664, 8.028416666666667, 501946],
[52.289335, 8.028408333333333, 501684],
[52.289323333333336, 8.028396666666668, 501675],
[52.28931166666667, 8.028386666666666, 501654],
[52.28929, 8.028361666666667, 501544],
[52.289276666666666, 8.028363333333333, 501615],
[52.28926833333333, 8.02837, 501548],
[52.28926, 8.028381666666666, 510204],
[52.289245, 8.028385, 501551],
[52.289228333333334, 8.028383333333334, 501664],
[52.28922166666667, 8.028391666666666, 501555],
[52.289215, 8.028393333333334, 501574],
[52.289205, 8.028385, 501571],
[52.28922333333333, 8.028361666666667, 501532],
[52.289235, 8.02834, 501592],
[52.28923833333333, 8.02832, 501566],
[52.289258333333336, 8.028285, 501549],
[52.289271666666664, 8.028266666666667, 501540],
[52.28928333333333, 8.02825, 501713],
[52.289296666666665, 8.028231666666667, 501536],
[52.28930833333333, 8.028215, 501548],
[52.289321666666666, 8.028196666666666, 501560],
[52.290665, 8.027258333333334, 501553],
[52.290545, 8.02729, 501543],
[52.29014, 8.027796666666667, 501638],
[52.289205, 8.028815, 501538],
[52.289206666666665, 8.028796666666667, 501534],
[52.28923, 8.028771666666668, 501544],
[52.289285, 8.028746666666667, 501552],
[52.289295, 8.028743333333333, 501488],
[52.289325, 8.028726666666667, 501494],
[52.289321666666666, 8.02873, 501492],
[52.289320000000004, 8.028725, 501627],
[52.289316666666664, 8.02872, 501541],
[52.28931166666667, 8.028718333333334, 501541],
[52.28931, 8.028716666666666, 501548],
[52.28930833333333, 8.028713333333334, 501538],
[52.28932666666667, 8.028718333333334, 501545],
[52.289336666666664, 8.028726666666667, 501553],
[52.28932666666667, 8.028723333333334, 501835],
[52.289325, 8.028731666666667, 501477],
[52.289321666666666, 8.028751666666667, 501471],
[52.289316666666664, 8.028771666666668, 501465],
[52.28931333333333, 8.028776666666667, 501463],
[52.289325, 8.028765, 501479],
[52.289320000000004, 8.028761666666666, 501452],
[52.28932666666667, 8.028763333333334, 501466],
[52.28933166666667, 8.02876, 501504],
[52.28934, 8.028761666666666, 501477],
[52.289348333333336, 8.02876, 501548],
[52.28937166666667, 8.028763333333334, 501467],
[52.28937333333333, 8.02876, 503306],
[52.289363333333334, 8.02877, 501459],
[52.28935666666667, 8.028785, 501613],
[52.28932833333333, 8.028801666666666, 501506],
[52.28924333333333, 8.028815, 501495],
[52.289233333333335, 8.0288, 501476],
[52.28922, 8.02878, 501646],
[52.289213333333336, 8.028768333333334, 501803],
[52.28921, 8.028753333333333, 501518],
[52.2892, 8.028733333333333, 501504],
[52.28919, 8.02872, 501467],
[52.28917833333333, 8.028705, 501449],
[52.28915833333333, 8.02868, 501488],
[52.28914833333333, 8.028671666666666, 501461],
[52.289138333333334, 8.028651666666667, 501462],
[52.28912833333333, 8.028636666666667, 501502],
[52.289123333333336, 8.028626666666666, 501465],
[52.289118333333334, 8.02862, 501456],
[52.289105, 8.028611666666666, 501494],
[52.289091666666664, 8.028605, 501918],
[52.28909, 8.028596666666667, 501504],
[52.28908333333333, 8.02859, 501535],
[52.289085, 8.028591666666667, 501475],
[52.28908166666667, 8.02859, 501499],
[52.289071666666665, 8.028586666666667, 501493],
[52.28906, 8.028576666666666, 501474],
[52.28905, 8.02857, 501509],
[52.28904333333333, 8.028555, 501509],
[52.289033333333336, 8.028548333333333, 501525],
[52.28901333333334, 8.028535, 501519],
[52.28899666666667, 8.028531666666666, 501466],
[52.28897833333333, 8.028526666666666, 501556],
[52.28897333333333, 8.028515, 501472],
[52.28897833333333, 8.028491666666667, 501472],
[52.28897333333333, 8.028486666666666, 501521],
[52.288911666666664, 8.028611666666666, 501480],
[52.28888166666667, 8.028728333333333, 501473],
[52.28883833333333, 8.028743333333333, 501487],
[52.288815, 8.028765, 501478],
[52.288804999999996, 8.028788333333333, 501514],
[52.288756666666664, 8.028846666666666, 501487],
[52.28874833333333, 8.028876666666667, 501485],
[52.28872333333333, 8.0289, 501477],
[52.28870333333333, 8.028925, 501477],
[52.288705, 8.028931666666667, 501553],
[52.28870666666667, 8.028948333333334, 501474],
[52.28871, 8.02895, 501541],
[52.28870166666667, 8.02896, 501510],
[52.288698333333336, 8.02897, 501520],
[52.288693333333335, 8.028986666666666, 501522],
[52.28869, 8.029, 501572],
[52.28868666666666, 8.029018333333333, 501511],
[52.28868166666667, 8.029043333333334, 501577],
[52.28868, 8.029048333333334, 501488],
[52.288685, 8.029053333333334, 501478],
[52.288675, 8.029071666666667, 501520],
[52.28867833333333, 8.029086666666666, 501473],
[52.288685, 8.0291, 501544],
[52.28869, 8.029113333333333, 501462],
[52.28868833333333, 8.02913, 501478],
[52.28868166666667, 8.029146666666668, 501476],
[52.28866333333333, 8.029158333333333, 501479],
[52.288655, 8.029168333333333, 501533],
[52.28865666666667, 8.029185, 501505],
[52.28866, 8.029191666666666, 501512],
[52.28865833333333, 8.029203333333333, 501517],
[52.28865166666667, 8.029218333333333, 501482],
[52.28864333333333, 8.029231666666666, 501525],
[52.28863833333333, 8.029245, 501481],
[52.28863333333334, 8.029258333333333, 501465],
[52.288626666666666, 8.029276666666666, 501479],
[52.288621666666664, 8.029293333333333, 501472],
[52.28861833333333, 8.029305, 501545],
[52.28861666666667, 8.029311666666667, 501508],
[52.28861333333333, 8.02933, 501505],
[52.28860666666667, 8.029346666666667, 501463],
[52.28859833333333, 8.02936, 501462],
[52.2886, 8.029375, 501456],
[52.288585, 8.029396666666667, 501474],
[52.288576666666664, 8.029415, 501454],
[52.28856666666667, 8.029433333333333, 501455],
[52.288565, 8.029453333333333, 501463],
[52.288556666666665, 8.029465, 501468],
[52.28854166666667, 8.029476666666667, 501454],
[52.288531666666664, 8.029491666666667, 501462],
[52.288535, 8.029506666666666, 501453],
[52.288511666666665, 8.029538333333333, 501470],
[52.2885, 8.029566666666666, 501540],
[52.288495, 8.029588333333333, 501447],
[52.288485, 8.02961, 501496],
[52.288491666666665, 8.029615, 501493],
[52.28849, 8.02963, 501496],
[52.28847833333333, 8.029646666666666, 501458],
[52.288473333333336, 8.029661666666666, 501463],
[52.28845833333333, 8.029703333333334, 501474],
[52.28845166666667, 8.029726666666667, 501550],
[52.288446666666665, 8.02974, 501462],
[52.288425, 8.029766666666667, 501459],
[52.28841, 8.029788333333334, 501479],
[52.288395, 8.029806666666667, 501459],
[52.28838666666667, 8.02982, 501468],
[52.28836833333333, 8.029838333333334, 501461],
[52.28836166666667, 8.029855, 501456],
[52.28834833333333, 8.029863333333333, 501481],
[52.288345, 8.029878333333333, 501636],
[52.28832166666667, 8.029898333333334, 501472],
[52.28830166666667, 8.029918333333333, 501480],
[52.288291666666666, 8.029938333333334, 501487],
[52.288293333333336, 8.029951666666667, 501486],
[52.288286666666664, 8.029968333333333, 501492],
[52.28827666666667, 8.029983333333334, 501637],
[52.28827, 8.030021666666666, 501481],
[52.288265, 8.030036666666666, 501461],
[52.28825666666667, 8.03005, 501461],
[52.28825166666667, 8.030058333333333, 501477],
[52.288243333333334, 8.030068333333332, 501547],
[52.28823833333333, 8.030088333333333, 501549],
[52.288235, 8.030101666666667, 501462],
[52.28823, 8.03011, 501455],
[52.28823166666667, 8.030118333333334, 501458],
[52.288228333333336, 8.030128333333334, 501351],
[52.28822666666667, 8.03014, 501336],
[52.288225, 8.030145, 501514],
[52.288215, 8.03016, 501615],
[52.28820833333333, 8.030175, 501571],
[52.28820666666667, 8.030188333333333, 501576],
[52.288205, 8.030198333333333, 501605],
[52.28819, 8.030205, 501520],
[52.28816666666667, 8.030215, 501603],
[52.28815, 8.030226666666668, 501506],
[52.28813666666667, 8.030238333333333, 501580],
[52.28812333333333, 8.030255, 501491],
[52.288113333333335, 8.030273333333334, 501536],
[52.288106666666664, 8.030291666666667, 501668],
[52.28810166666667, 8.030308333333334, 501635],
[52.288095, 8.030321666666667, 501723],
[52.288086666666665, 8.030336666666667, 501604],
[52.288065, 8.03035, 501513],
[52.288041666666665, 8.03037, 502591],
[52.28800666666667, 8.030406666666666, 505492],
[52.287996666666665, 8.030425, 501530],
[52.287998333333334, 8.030433333333333, 501592],
[52.288003333333336, 8.030445, 501607],
[52.28801333333333, 8.030455, 501492],
[52.28801833333333, 8.030456666666666, 501802],
[52.288023333333335, 8.030458333333334, 501573],
[52.28798333333334, 8.030506666666666, 501616],
[52.287971666666664, 8.030531666666667, 501474],
[52.28798666666667, 8.030533333333333, 501529],
[52.28798, 8.030546666666666, 501469],
[52.287965, 8.030565, 501596],
[52.287956666666666, 8.030586666666666, 501501],
[52.287931666666665, 8.030608333333333, 501486],
[52.28793, 8.030615, 501588],
[52.28792166666667, 8.030638333333334, 501552],
[52.287905, 8.030675, 501513],
[52.28790166666667, 8.030701666666667, 501611],
[52.28789833333333, 8.030715, 501536],
[52.287893333333336, 8.030733333333334, 501650],
[52.28788333333333, 8.030756666666667, 501499],
[52.28785833333333, 8.030786666666666, 501549],
[52.28783166666667, 8.030803333333333, 501562],
[52.287803333333336, 8.030825, 501528],
[52.287785, 8.030843333333333, 501538],
[52.287765, 8.03087, 501596],
[52.287745, 8.03089, 501496],
[52.287715, 8.030911666666666, 501507],
[52.28770166666666, 8.030923333333334, 501696],
[52.28771166666667, 8.03093, 501525],
[52.28770333333333, 8.030948333333333, 501550],
[52.287713333333336, 8.030958333333333, 501664],
[52.287715, 8.03097, 501647],
[52.28771666666667, 8.030993333333333, 501476],
[52.287728333333334, 8.031006666666666, 501605],
[52.28772333333333, 8.031026666666667, 501539],
[52.28771833333333, 8.031046666666667, 501558],
[52.287708333333335, 8.031066666666666, 501639],
[52.28770166666666, 8.031083333333333, 501474],
[52.28769166666667, 8.031098333333333, 501553],
[52.28769, 8.031115, 501588],
[52.287685, 8.031146666666666, 501538],
[52.287683333333334, 8.031161666666666, 501633],
[52.28767166666667, 8.031176666666667, 501510],
[52.287663333333334, 8.03119, 501558],
[52.287643333333335, 8.031201666666666, 501582],
[52.287645, 8.031213333333334, 501505],
[52.28765333333333, 8.031226666666667, 501582],
[52.287661666666665, 8.031235, 501533],
[52.287665, 8.031243333333334, 501565],
[52.28766, 8.031251666666666, 501620],
[52.28765333333333, 8.031263333333333, 501528],
[52.28762833333333, 8.031283333333333, 501496],
[52.28761, 8.031311666666667, 501532],
[52.28761333333333, 8.031336666666666, 501638],
[52.28760333333334, 8.031346666666666, 501551],
[52.287591666666664, 8.031355, 501564],
[52.287595, 8.031366666666667, 501690],
[52.287575, 8.031398333333334, 501679],
[52.28755666666667, 8.031413333333333, 501738],
[52.28753833333333, 8.031423333333333, 501864],
[52.28751833333333, 8.031451666666667, 501493],
[52.28750333333333, 8.031495, 501579],
[52.287495, 8.031521666666666, 501472],
[52.28749666666667, 8.031543333333333, 501588],
[52.287508333333335, 8.03154, 501570],
[52.287525, 8.031541666666667, 501498],
[52.28751666666667, 8.031556666666667, 501553],
[52.287506666666665, 8.031571666666666, 501496],
[52.287486666666666, 8.031603333333333, 501540],
[52.287463333333335, 8.031623333333334, 501664],
[52.287441666666666, 8.031646666666667, 501715],
[52.287425, 8.031671666666666, 501517],
[52.28741, 8.031685, 501544],
[52.287391666666664, 8.031716666666666, 501263],
[52.28738333333333, 8.031735, 501181],
[52.287391666666664, 8.031748333333333, 501063],
[52.287398333333336, 8.031756666666666, 501293],
[52.287371666666665, 8.031765, 501702],
[52.28736, 8.031773333333334, 509854],
[52.28734333333333, 8.031785, 502023],
[52.287333333333336, 8.03181, 501586],
[52.28733, 8.031828333333333, 501555],
[52.28731833333333, 8.031851666666666, 501598],
[52.287325, 8.031858333333334, 501798],
[52.28732333333333, 8.031865, 501635],
[52.287315, 8.03188, 501478],
[52.28731166666667, 8.031881666666667, 501562],
[52.287305, 8.03189, 501503],
[52.28729166666667, 8.031913333333334, 501522],
[52.287285, 8.031931666666667, 501543],
[52.28727333333333, 8.031956666666666, 501641],
[52.287255, 8.031983333333333, 501474],
[52.28723, 8.032013333333333, 501597],
[52.28722166666667, 8.032028333333333, 501547],
[52.28721, 8.032048333333334, 501510],
[52.28720833333333, 8.03206, 501541],
[52.287205, 8.032073333333333, 501561],
[52.28720333333333, 8.032085, 501537],
[52.2872, 8.0321, 501524],
[52.28718333333333, 8.032116666666667, 501584],
[52.28717833333333, 8.032158333333333, 501526],
[52.28718333333333, 8.032163333333333, 501572],
[52.287173333333335, 8.032186666666666, 501703],
[52.287145, 8.032221666666667, 501498],
[52.287115, 8.032253333333333, 501583],
[52.28709333333333, 8.03228, 501538],
[52.28707166666667, 8.03231, 501522],
[52.28708, 8.032321666666666, 501588],
[52.287085, 8.032341666666667, 501518],
[52.28709333333333, 8.03236, 501540],
[52.287076666666664, 8.032413333333333, 501542],
[52.287061666666666, 8.032441666666667, 501545],
[52.28704333333334, 8.03247, 501550],
[52.287031666666664, 8.0325, 501611],
[52.28702666666667, 8.032528333333333, 501523],
[52.287015, 8.032543333333333, 502038],
[52.28702833333333, 8.032568333333334, 501527],
[52.287011666666665, 8.03259, 501555],
[52.286973333333336, 8.032616666666666, 501551],
[52.286945, 8.032643333333333, 501699],
[52.286926666666666, 8.032661666666666, 501622],
[52.28691833333333, 8.03268, 501494],
[52.28690666666667, 8.032691666666667, 501580],
[52.28689833333333, 8.032708333333334, 501568],
[52.28688, 8.032738333333333, 501587],
[52.28687333333333, 8.032753333333334, 501545],
[52.286881666666666, 8.032768333333333, 501578],
[52.28687166666667, 8.032785, 501531],
[52.286863333333336, 8.032803333333334, 501599],
[52.28684333333333, 8.032841666666666, 501514],
[52.28682666666667, 8.032861666666667, 501598],
[52.28682166666667, 8.032868333333333, 501607],
[52.286791666666666, 8.032891666666666, 501543],
[52.28675833333333, 8.032915, 501500],
[52.286743333333334, 8.032923333333333, 501511],
[52.28673333333333, 8.032936666666666, 501608],
[52.28674, 8.032955, 501536],
[52.286743333333334, 8.032976666666666, 501567],
[52.28676333333333, 8.03299, 501741],
[52.286773333333336, 8.033001666666667, 501495],
[52.28677166666667, 8.033031666666666, 501675],
[52.286765, 8.033043333333334, 501745],
[52.286768333333335, 8.033056666666667, 501581],
[52.286755, 8.033073333333334, 501553],
[52.28674, 8.033095, 501502],
[52.28672666666667, 8.033115, 501944],
[52.28671833333333, 8.033133333333334, 501470],
[52.28670666666667, 8.033156666666667, 501710],
[52.28669, 8.033175, 501525],
[52.28668666666667, 8.03319, 501543],
[52.286683333333336, 8.033208333333333, 501721],
[52.286675, 8.033225, 501539],
[52.28666666666667, 8.033235, 501622],
[52.28666, 8.033245, 501562],
[52.28667333333333, 8.033285, 501472],
[52.28666, 8.033298333333333, 501497],
[52.28664666666667, 8.033311666666666, 501603],
[52.286636666666666, 8.033325, 501469],
[52.286631666666665, 8.03334, 501518],
[52.28662, 8.033375, 508379],
[52.286606666666664, 8.033388333333333, 507175],
[52.28658166666666, 8.033405, 507064],
[52.28655666666667, 8.033431666666667, 504730],
[52.286521666666665, 8.03346, 501536],
[52.286505, 8.033486666666667, 501622],
[52.28649166666667, 8.033506666666666, 501505],
[52.28647333333333, 8.033525, 501695],
[52.28649, 8.033536666666667, 501849],
[52.286501666666666, 8.033548333333334, 501846],
[52.28650666666667, 8.033565, 501495],
[52.28651166666667, 8.033578333333333, 501797],
[52.28648833333333, 8.03361, 501523],
[52.28648666666667, 8.033621666666667, 501875],
[52.28648333333334, 8.033625, 501495],
[52.286453333333334, 8.033651666666668, 501803],
[52.286431666666665, 8.033666666666667, 501477],
[52.286426666666664, 8.033671666666667, 501488],
[52.286431666666665, 8.033681666666666, 501479],
[52.28643, 8.033695, 501487],
[52.28642833333333, 8.033713333333333, 501486],
[52.286431666666665, 8.033733333333334, 501805],
[52.28642833333333, 8.03375, 501518],
[52.286426666666664, 8.033761666666667, 501487],
[52.286433333333335, 8.033771666666667, 501496],
[52.286435, 8.033786666666666, 501486],
[52.28643666666667, 8.03384, 501484],
[52.28642166666667, 8.033846666666667, 501477],
[52.286408333333334, 8.033858333333333, 501488],
[52.2864, 8.033871666666666, 501647],
[52.28639666666667, 8.033915, 501508],
[52.28639166666667, 8.033931666666666, 501539],
[52.286386666666665, 8.033946666666667, 501556],
[52.28637, 8.033955, 501538],
[52.28636, 8.033971666666666, 501668],
[52.28635, 8.03399, 501519],
[52.28633333333333, 8.034013333333334, 501650],
[52.28632833333333, 8.034026666666668, 501139],
[52.286316666666664, 8.034041666666667, 501557],
[52.286305, 8.034051666666667, 501586],
[52.286303333333336, 8.034063333333334, 501561],
[52.2863, 8.034075, 501575],
[52.286295, 8.03408, 501567],
[52.286275, 8.034098333333333, 501581],
[52.28625666666667, 8.034126666666667, 501571],
[52.28623666666667, 8.034156666666666, 501567],
[52.286226666666664, 8.03418, 501584],
[52.286225, 8.034193333333333, 501559],
[52.286226666666664, 8.034206666666666, 501566],
[52.28622, 8.034226666666667, 501592],
[52.286213333333336, 8.034245, 501595],
[52.28621166666667, 8.034253333333334, 501564],
[52.28619833333333, 8.03427, 501570],
[52.28619166666667, 8.034285, 501547],
[52.286188333333335, 8.034298333333334, 501509],
[52.28618, 8.034313333333333, 501563],
[52.286181666666664, 8.034335, 501575],
[52.286168333333336, 8.034368333333333, 501577],
[52.28615833333333, 8.034371666666667, 501579],
[52.28614833333334, 8.034378333333333, 501575],
[52.286145, 8.034381666666667, 501587],
[52.286141666666666, 8.034395, 501841],
[52.28614, 8.034406666666667, 501569],
[52.286138333333334, 8.034426666666667, 501493],
[52.28612833333333, 8.034448333333334, 501605],
[52.28612, 8.034473333333333, 501526],
[52.286125, 8.034498333333334, 501498],
[52.286121666666666, 8.034518333333333, 501557],
[52.28611333333333, 8.03454, 501578],
[52.28610833333333, 8.034553333333333, 501549],
[52.2861, 8.034568333333333, 501572],
[52.28609, 8.034583333333334, 501579],
[52.286073333333334, 8.0346, 501568],
[52.28605666666667, 8.034625, 501569],
[52.286051666666665, 8.034641666666667, 501558],
[52.28604333333333, 8.034658333333333, 501740],
[52.286035, 8.034673333333334, 501573],
[52.286028333333334, 8.03469, 501717],
[52.28601333333334, 8.03471, 501720],
[52.285995, 8.03473, 501563],
[52.28598, 8.034748333333333, 501714],
[52.285965, 8.03477, 501712],
[52.28595333333333, 8.034788333333333, 501987],
[52.285941666666666, 8.034806666666666, 501668],
[52.28593, 8.034818333333334, 501468],
[52.28591333333333, 8.034831666666667, 501571],
[52.28590333333333, 8.03484, 501660],
[52.285891666666664, 8.034851666666667, 501561],
[52.285878333333336, 8.034863333333334, 501581],
[52.285873333333335, 8.03487, 501657],
[52.285866666666664, 8.034876666666667, 501671],
[52.28586, 8.034881666666667, 501638],
[52.285851666666666, 8.03489, 501570],
[52.28584333333333, 8.034895, 501557],
[52.285833333333336, 8.03491, 501608],
[52.28583666666667, 8.034916666666666, 501568],
[52.285828333333335, 8.034938333333333, 501565],
[52.285815, 8.03496, 501545],
[52.285805, 8.034976666666667, 501534],
[52.2858, 8.034986666666667, 501876],
[52.28579666666667, 8.034996666666666, 501649],
[52.28579, 8.03501, 501575],
[52.285775, 8.035025, 501608],
[52.28576, 8.035035, 501629],
[52.28574, 8.035045, 501616],
[52.28573, 8.035048333333334, 501529],
[52.285716666666666, 8.03506, 501508],
[52.28570833333333, 8.035081666666667, 501595],
[52.28570333333333, 8.035106666666668, 501570],
[52.285698333333336, 8.035135, 501702],
[52.28568833333333, 8.035161666666667, 501489],
[52.285673333333335, 8.035178333333333, 501483],
[52.285666666666664, 8.035196666666666, 501490],
[52.28567, 8.035211666666667, 501538],
[52.285673333333335, 8.035233333333334, 501557],
[52.28567, 8.035253333333333, 501553],
[52.285665, 8.03527, 501540],
[52.28565, 8.035285, 501550],
[52.28564333333333, 8.035298333333333, 501592],
[52.285645, 8.03531, 501567],
[52.28563166666667, 8.035316666666667, 501555],
[52.28561833333333, 8.035326666666666, 501566],
[52.28559166666667, 8.03534, 501523],
[52.285565, 8.035348333333333, 501580],
[52.285538333333335, 8.035361666666667, 501548],
[52.28552166666667, 8.035375, 501457],
[52.28551, 8.035396666666667, 501496],
[52.2855, 8.035423333333334, 501552],
[52.28550166666667, 8.035441666666667, 501545],
[52.2855, 8.03549, 501459],
[52.285495, 8.03551, 501533],
[52.285493333333335, 8.035536666666667, 501448],
[52.28548333333333, 8.035556666666666, 501457],
[52.285486666666664, 8.035568333333334, 501469],
[52.28547833333333, 8.03558, 501490],
[52.285468333333334, 8.035595, 501455],
[52.285455, 8.035615, 501550],
[52.28544, 8.035641666666667, 501461],
[52.28544333333333, 8.035663333333334, 501457],
[52.285445, 8.035685, 501509],
[52.28544333333333, 8.035706666666666, 501458],
[52.28543333333333, 8.035721666666667, 501458],
[52.285435, 8.035731666666667, 501492],
[52.28543833333333, 8.035748333333334, 501456],
[52.285426666666666, 8.035771666666667, 501467],
[52.285423333333334, 8.035798333333334, 501466],
[52.28541333333333, 8.03582, 501465],
[52.285408333333336, 8.035838333333333, 501459],
[52.285405, 8.035858333333334, 501348],
[52.285396666666664, 8.035885, 501476],
[52.28538833333333, 8.035891666666666, 501455],
[52.285385, 8.03589, 501576],
[52.285365, 8.035906666666667, 501500],
[52.28534166666667, 8.035928333333333, 501481],
[52.285333333333334, 8.035936666666666, 501477],
[52.28532333333333, 8.035943333333334, 501506],
[52.285315, 8.03595, 501483],
[52.2853, 8.035958333333333, 501464],
[52.285291666666666, 8.035965, 501481],
[52.28527833333333, 8.035976666666667, 501477],
[52.28526333333333, 8.03599, 501479],
[52.28527, 8.036008333333333, 501473],
[52.28525666666667, 8.036026666666666, 501476],
[52.28522666666667, 8.036036666666666, 501538],
[52.28521833333333, 8.036051666666667, 501633],
[52.285225, 8.036053333333333, 501523],
[52.285235, 8.03608, 501323],
[52.28523833333333, 8.036103333333333, 501093],
[52.28523666666667, 8.036128333333334, 501057],
[52.28524, 8.036145, 501481],
[52.28523333333333, 8.036161666666667, 501453],
[52.285225, 8.03618, 501497],
[52.285223333333334, 8.036201666666667, 501490],
[52.28522, 8.036216666666666, 501575],
[52.285215, 8.03623, 501537],
[52.28520833333334, 8.036243333333333, 501485],
[52.285201666666666, 8.036256666666667, 501483],
[52.285195, 8.036271666666666, 501509],
[52.285196666666664, 8.036285, 501510],
[52.285185, 8.036298333333333, 501502],
[52.285183333333336, 8.036313333333334, 501476],
[52.28517333333333, 8.036325, 501557],
[52.285155, 8.036338333333333, 501484],
[52.28514, 8.036346666666667, 501470],
[52.28511, 8.036361666666666, 501503],
[52.285085, 8.036371666666666, 501483],
[52.28505666666667, 8.036385, 501588],
[52.28503666666667, 8.036403333333332, 501507],
[52.285015, 8.036418333333334, 501487],
[52.285, 8.036438333333333, 501481],
[52.28499, 8.036458333333334, 501499],
[52.28498666666667, 8.036473333333333, 501475],
[52.285003333333336, 8.036485, 501480],
[52.28500833333333, 8.0365, 501588],
[52.285, 8.036515, 501478],
[52.28499166666667, 8.036545, 501475],
[52.28499, 8.036573333333333, 501508],
[52.28499333333333, 8.036593333333334, 501481],
[52.28501833333333, 8.036611666666667, 501485],
[52.285035, 8.036636666666666, 501480],
[52.285041666666665, 8.036656666666667, 501499],
[52.28506, 8.036678333333333, 501506],
[52.285075, 8.036695, 501476],
[52.28508166666667, 8.036711666666667, 501470],
[52.285088333333334, 8.03673, 501462],
[52.28509666666667, 8.03675, 501443],
[52.285105, 8.036763333333333, 501450],
[52.285113333333335, 8.03678, 501499],
[52.28512, 8.036796666666667, 501509],
[52.285125, 8.036815, 501676],
[52.285131666666665, 8.036833333333334, 501556],
[52.285138333333336, 8.036848333333333, 501734],
[52.28514666666667, 8.036863333333333, 501645],
[52.285155, 8.036876666666666, 501557],
[52.285165, 8.036886666666666, 501556],
[52.28516, 8.036905, 501473],
[52.285156666666666, 8.036921666666666, 501574],
]